0.758165
-0.691183
-0.892574
-0.837555
0.900306
-0.295089
-0.577533
0.105131
-0.894568
0.169839
-0.448665
-0.581340
0.551155
-0.576080
0.699691
0.292519
-0.809455
0.017846
0.180670
-0.291891
0.888096
-0.738771
0.722044
0.548035
0.991288
0.619976
0.082021
0.073474
-0.001141
-0.856523
0.876717
0.500865
-0.454900
-0.672211
0.695091
-0.026613
0.663923
-0.817348
0.499586
-0.247358
0.219611
0.382923
-0.865840
-0.472787
-0.335807
1.004733
0.231889
-0.777406
-0.017644
0.084761
-0.687122
0.779891
0.926236
0.898633
-0.858275
0.373879
0.544851
0.108312
-0.670199
0.907918
0.825343
-0.771960
0.142378
0.467251
-0.270609
0.652641
0.669981
-0.484647
-0.585664
-0.517553
-0.901426
-0.215737
0.697975
-0.114648
-0.604715
-0.132348
-0.267978
-0.346417
0.143118
0.837156
-0.887181
0.975153
-0.467715
0.136517
0.960881
-0.522612
0.880283
-0.242454
0.499508
-0.503796
0.135886
0.637600
-0.239927
-0.360310
-0.272620
-0.597572
-0.532560
0.571079
0.712305
-0.862171
-0.572209
-0.946425
-0.937526
0.708189
0.897434
0.206088
0.355688
0.038641
-0.721657
0.086035
0.518352
-0.137810
-0.771810
0.472829
-0.945049
-0.395766
-0.247981
-0.108173
0.273175
-0.402215
-0.228106
0.851757
0.959662
-0.600163
-0.219805
-0.479871
0.218664
0.489086
-0.121292
-0.647742
-0.451607
-0.843855
-0.018527
-0.745483
-0.855174
0.037004
0.209952
-0.139739
0.891536
0.637934
-0.228783
-0.029054
0.542030
0.107758
-0.023692
-0.596976
-0.934858
0.153834
-0.912376
0.066388
0.655340
-0.033875
0.276229
-0.795344
-0.726112
0.294356
0.931417
-0.899104
-0.905960
-0.002547
-1.002975
0.281668
0.825638
-0.850903
-0.734028
0.626131
-0.599096
0.164251
-1.013449
0.502702
-0.933802
-0.626011
-0.118690
-0.044714
0.043730
0.121514
-0.066646
-0.502099
-0.129216
-0.489379
-0.302460
0.942763
0.350151
-0.156924
0.791832
0.721010
-0.498276
-0.563655
0.279849
-0.552141
-0.864144
-0.915623
0.316280
-0.216255
-0.659981
-0.783127
0.602773
0.530851
0.488859
0.772543
0.798901
0.579895
-0.225871
0.716610
0.930183
-0.292132
0.318884
-0.095968
0.923746
-0.347034
0.483274
0.580046
-0.605921
0.409570
0.664302
-0.776488
-0.675424
0.200058
-0.924370
-0.080864
-0.208381
0.774897
-0.185606
0.158377
-0.361961
-0.974618
0.789912
0.863173
0.276849
-0.656053
0.216106
0.134088
-0.196621
-0.409730
0.863120
0.346305
-0.490237
-0.012754
-0.470103
-0.003912
-0.547423
-0.419690
-0.602749
-0.638642
0.869624
-0.555018
0.005769
0.978612
0.743309
-0.008655
0.596205
-0.103323
0.330990
0.295748
-0.388124
0.285826
0.248256
0.432818
-0.270059
-0.894130
-0.645988
0.393686
0.318831
0.764796
0.570421
0.568691
0.020220
-0.553181
-0.031474
0.065943
1.001673
-0.009816
0.040131
-0.661178
0.945005
-0.899232
0.651997
-0.417340
-0.128654
-0.353638
-0.314759
-0.404058
-0.798179
-0.559417
0.331652
0.858725
-0.750992
0.796444
0.754344
-0.964723
0.826354
-0.019207
-0.416053
-0.894427
0.782446
0.188505
-0.101204
-0.529019
0.437391
0.336599
-0.298136
-0.111165
-0.236613
0.371879
0.297948
-0.286589
0.142170
0.574092
0.582313
0.594308
-0.598924
-0.511359
1.082561
0.915146
-0.046639
-0.646206
-0.673070
-0.701963
-0.415480
0.586858
-0.022782
-0.231597
-0.217035
0.351594
-0.170945
0.961635
0.355850
0.749757
-0.313249
-0.026119
-0.916341
0.244384
-0.343878
-0.908172
0.498042
0.218165
-0.009402
-0.796293
0.287552
-0.793565
-0.102957
0.738558
0.028385
-0.206862
-0.106264
0.454234
0.183519
-1.010743
-0.210990
0.475246
0.040208
0.241247
-0.001921
-0.571990
0.642985
-0.319614
0.631735
0.309694
-0.999038
-0.836506
0.524457
-0.174146
0.331053
0.680283
0.479233
0.494023
-0.327713
0.484380
0.179426
-0.192059
-0.288252
0.954533
-0.792868
-0.716445
0.124767
-0.250644
-0.373416
0.643113
0.303368
0.842271
0.864556
-0.236798
-0.758841
-0.760213
0.235204
0.739523
0.295531
0.494596
